2730 0.0004913431709331208
7102 0.0004784238756203468
1010 0.0004756056526635286
368 0.0004687634847338629
7453 0.00046875092835052925
1907 0.0004647386280189528
4583 0.00046183508717343716
1847 0.00046172121814305663
5369 0.00045852963552418476
3947 0.00045575081702916865
7420 0.00045411618820253826
3164 0.0004541130885129081
7446 0.000450168831169854
2794 0.0004473387607908834
5346 0.0004440843371465639
3215 0.00044407502225825166
630 0.00044103092691739096
7223 0.0004409096020483984
4417 0.0004390995531867189
2902 0.00043378894476104457
5833 0.00043275952531713973
4955 0.00043270008224229235
5671 0.00043262437142300563
5769 0.0004289511809662706
3208 0.0004284019701493975
758 0.0004279649195041032
8096 0.0004276069501351976
8194 0.00042688753313097245
5553 0.0004260978366858978
6301 0.0004258547899507408
3204 0.00042552580012920573
8060 0.00042509846228712964
1430 0.00042391912425618204
6568 0.00042197643388409186
4957 0.0004218251291369492
5584 0.00042112201026567515
3185 0.0004208201153290232
7250 0.0004194381336404252
7938 0.0004182851568381192
2944 0.00041692118578934
5099 0.000416603693702188
3751 0.0004162382729097624
150 0.0004157880481223304
2737 0.00041401114966039626
7872 0.000413029553018376
5074 0.000412142456142135
1034 0.00041174549867119053
3578 0.0004108842353180945
2639 0.00041086827586207716
229 0.000410708703619501
930 0.00041067800632839006
6777 0.00040925973205132226
7406 0.00040915130389121163
6648 0.00040879183927640226
2464 0.0004084325635415977
2041 0.00040800163772667996
4222 0.00040767510413873933
8112 0.0004060690761694825
6005 0.0004057172963389912
7579 0.0004050055877333601
6190 0.0004046752789191374
1197 0.00040404516610765005
4944 0.0004039331255429865
3221 0.00040386466125993557
5655 0.0004037155911889183
2484 0.0004036073553073504
251 0.0004035801900329825
6530 0.00040352881023326444
482 0.00040072620138114127
6787 0.00040067634960569946
8018 0.00040041195754545047
5998 0.000400264177238246
233 0.000400152299079774
2589 0.000399831592955345
972 0.00039981424133859366
5996 0.0003994846330652067
5376 0.0003983283706460583
2369 0.00039819850477943917
7442 0.0003980817977516099
4692 0.00039796126879135637
6692 0.00039744669071498816
6315 0.00039715816810186706
1173 0.0003957543623554932
7499 0.0003956039182796346
4255 0.00039551298224214086
3951 0.0003954667971914134
7784 0.0003951682759781004
5129 0.00039489026099069624
2664 0.0003946440830702933
5275 0.00039450752986921594
5808 0.0003943372287969468
7699 0.0003939874138975961
4832 0.00039392040913738426
7702 0.0003931714957043736
6847 0.00039296824121790936
260 0.0003919360977271426
1798 0.0003917870097032485
2232 0.0003914220804469619
6883 0.00039134582220663093
1697 0.0003908464766019135
