2730 0.0004915762331518031
7102 0.00047837670774598034
1010 0.0004753914071688646
368 0.00046898779353740714
7453 0.0004689532213259118
1907 0.00046495839448257726
1847 0.00046193403934502707
4583 0.0004614396479094276
5369 0.00045876761944444464
3947 0.0004554186668593386
3164 0.00045430570472905463
7420 0.0004539561982062753
7446 0.0004503894925920957
2794 0.0004470740710625266
3215 0.00044429851441559094
5346 0.0004441125927525247
630 0.0004412481507869575
7223 0.00044076529550591165
4417 0.0004393024294463199
2902 0.0004340091498672716
5833 0.0004329815191541273
5671 0.00043284062489521834
4955 0.00043270702829158197
5769 0.00042914309417459574
3208 0.00042799357467357185
758 0.0004279606338165671
8096 0.00042780993046640306
8194 0.00042711062545124274
5553 0.00042632224162049496
3204 0.0004257451571091147
6301 0.00042571478497861867
8060 0.00042532937697834774
1430 0.00042414485352770646
6568 0.00042219076486295327
4957 0.0004220283407492065
5584 0.0004213232740133752
3185 0.0004210241581252885
7250 0.0004196342431380141
7938 0.0004185104461956445
2944 0.0004171353942610978
5099 0.00041681041109375375
3751 0.0004161491775885455
150 0.00041600589543527145
2737 0.0004142173352322798
7872 0.00041303948274361654
5074 0.00041235259979792926
3578 0.00041108711987611904
2639 0.000411078033511707
1034 0.000411042852953051
229 0.00041092993116426596
930 0.00041088512953351563
6648 0.0004089992111641833
7406 0.00040892345426135233
6777 0.0004088722366405538
2464 0.0004086439639769299
2041 0.0004080517646881257
4222 0.00040788606705523776
8112 0.00040597693261184664
6005 0.0004059291369105257
7579 0.0004052071428383987
6190 0.0004048951960895118
1197 0.00040423045054692095
4944 0.00040413581895035704
3221 0.00040407077628300026
5655 0.0004039155223401862
2484 0.0004038150720335518
251 0.00040378920007436175
6530 0.0004037348732857557
482 0.0004009312828803009
6787 0.00040086605103138793
5998 0.0004004592663817268
8018 0.00040045575148470056
233 0.0004003676058232553
2589 0.00040004185241295474
972 0.00040000025457561614
5996 0.0003994374553979185
5376 0.0003985228478752484
2369 0.0003984044380480562
7442 0.00039828365101163423
4692 0.00039817165070624627
6692 0.00039765742660783103
6315 0.00039736910570280573
1173 0.0003959427827433285
7499 0.00039577164810344955
4255 0.00039572371307458067
3951 0.00039565737330818596
7784 0.0003953527337931304
5129 0.0003950980450727254
2664 0.00039485863275174357
5275 0.0003947183931734418
5808 0.000394549626752406
4832 0.00039409933456193634
7702 0.00039337597458015855
6847 0.0003931632887806743
260 0.0003921324879168306
1798 0.00039197979603955977
2232 0.00039163866401314187
6883 0.0003915564377470341
1697 0.000391064999877964
7112 0.0003910222228630329
